
  cell                   trades gross bp  net bp      t   Holm    tune    hold   vol-confirmed: n, lift tune / hold (bp)
  reversal N1 H24          1667    +5.84   +2.70  +1.76  0.315   +4.06   +0.69        190     +7.20   +21.44
  reversal N4 H24          1667    +1.62   -1.44  -0.93  0.653   -1.71   -1.04        415     +0.75   +13.81
  reversal N120 H24        1667    +1.60   -1.49  -0.98  0.653   -0.33   -3.20        713     +1.79    -9.82
  reversal N1 H4          10011    +0.95   -1.70  -6.61  0.000   -1.30   -2.29       1127     +0.32    -2.80
  reversal N4 H4          10011    +0.70   -1.91  -7.44  0.000   -1.70   -2.22       2038     +0.14    -0.13
  reversal N1 H1          40050    +0.58   -1.99 -29.69  0.000   -2.02   -1.95       4490     -0.08    -0.00
  reversal N24 H24         1667    +1.10   -2.01  -1.33  0.549   -3.36   -0.01        738     +3.57    +6.57
  reversal N4 H1          40050    +0.40   -2.14 -32.00  0.000   -2.11   -2.18       8290     +0.79    +0.36
  reversal N24 H4         10011    +0.42   -2.19  -8.30  0.000   -2.19   -2.17       2956     -1.21    -0.81
  reversal N120 H4        10011    +0.28   -2.30  -8.97  0.000   -2.14   -2.54       2812     -0.50    -1.25
  reversal N120 H1        40050    +0.09   -2.41 -36.60  0.000   -2.41   -2.43      11241     -0.12    -0.54
  reversal N24 H1         40050    +0.09   -2.44 -36.51  0.000   -2.51   -2.32      11801     -0.10    -0.03
  momentum N120 H1        40050    -0.09   -2.60 -39.49  0.000   -2.68   -2.49      11241     -0.01    +0.34
  momentum N24 H1         40050    -0.09   -2.62 -39.23  0.000   -2.59   -2.65      11801     -0.01    -0.07
  momentum N120 H4        10011    -0.28   -2.87 -11.18  0.000   -3.10   -2.53       2812     +0.10    +0.69
  momentum N4 H1          40050    -0.40   -2.94 -43.88  0.000   -3.00   -2.85       8290     -0.73    -0.19
  momentum N24 H4         10011    -0.42   -3.03 -11.51  0.000   -3.08   -2.95       2956     +0.86    +0.37
  momentum N1 H1          40050    -0.58   -3.15 -46.91  0.000   -3.14   -3.16       4490     +0.19    +0.15
  momentum N4 H4          10011    -0.70   -3.30 -12.86  0.000   -3.55   -2.94       2038     -0.37    +0.09
  momentum N1 H4          10011    -0.95   -3.60 -14.00  0.000   -4.00   -3.01       1127     -0.24    +2.93
  momentum N24 H24         1667    -1.10   -4.21  -2.80  0.026   -2.91   -6.13        738     -3.59    -6.69
  momentum N4 H24          1667    -1.62   -4.68  -3.03  0.015   -4.49   -4.95        415     -0.68   -13.60
  momentum N120 H24        1667    -1.60   -4.69  -3.09  0.014   -5.90   -2.91        713     -1.90    +9.97
  momentum N1 H24          1667    -5.84   -8.98  -5.86  0.000  -10.49   -6.76        190     -7.20   -21.40

  cells positive on both halves after costs with Holm < 0.05: 0 of 24