reversal, N = 1 h, held 24 h, one trade a day at each start hour (UTC = Exness server time); tune < 2024-02-02 <= holdout
   hour     n  net all    tune    hold |  vol>=1.5x n    tune    hold
      0  1327    -0.49   -0.96   +0.21 |          134   -1.47   -0.10
      1  1328    -7.68   -6.33   -9.69 |          139   +7.50   +0.80
      2  1329    -3.12   -1.22   -5.95 |          149  +13.59   -3.17
      3  1329    -1.72   -0.71   -3.20 |          144   +4.16  +18.63
      4  1329    +0.11   -0.13   +0.46 |          153   -8.69  +35.03
      5  1329    -3.24   -4.03   -2.06 |          145   -4.03  +10.90
      6  1329    -3.52   -2.24   -5.44 |          127   +5.00  -20.93
      7  1329    -5.67   -8.05   -2.16 |          137  -12.57   -7.03
      8  1328    -1.67   -1.51   -1.92 |          130   -4.29   -0.83
      9  1328    -1.05   -0.91   -1.25 |          124   -4.96   -1.51
     10  1328    -1.52   +0.77   -4.93 |          131   +9.30   -4.79
     11  1328    +0.43   -0.48   +1.80 |          133   +3.46   +2.03
     12  1328    -2.82   -2.45   -3.38 |          170   -0.39  -10.31
     13  1328    -6.19   -7.70   -3.94 |          142   -4.17   +1.66
     14  1328    -2.63   -2.43   -2.92 |          134   -9.50   -3.30
     15  1328    -1.97   -1.37   -2.86 |          103   -5.62  -21.61
     16  1328    -2.61   -1.81   -3.81 |          148   -0.60  -17.43
     17  1328    -5.51   -8.32   -1.33 |          173  -17.58   +2.25
     18  1328    -3.91   -7.12   +0.88 |          141   -6.71   -6.08
     19  1328    -0.22   +0.20   -0.84 |          177   -3.60   +3.35
     20  1330    -1.56   -1.77   -1.27 |          146  -20.43  +15.77
     21  1330    +2.53   +1.55   +3.98 |          145   +8.87   +8.44  <- rollover
     22  1329    +0.14   -1.04   +1.90 |          195   +9.67   -0.00  <- rollover
     23  1328    -1.10   -2.99   +1.70 |          175   -5.26   +9.99  <- rollover

  volume-confirmed, both halves positive: rollover hours 1 of 3; other hours 3 of 21
  volume-confirmed mean net: rollover +5.28 bp, other hours -1.63 bp
