365 perps were ever a top-40 perp (dead included); simulating 16 families + 3 random seeds x ['1h', '4h', '12h']
  50/365 coins
  100/365 coins
  150/365 coins
  200/365 coins
  250/365 coins
  300/365 coins
  350/365 coins
921,166 trades; tune < 2024-02-18 <= holdout; 229,182 of them random-control

======================================================================================================================
ALL ENTRIES
======================================================================================================================
  family         tf      n coins   meanR    PF  t(mo)    tune    hold |  random  vs rand     t
  RANDOM         1h 172356        -0.053        -1.73  -0.077  -0.016 |
  ma_cross       1h  13991   357  +0.001  1.00  +0.03  -0.034  +0.052 |  -0.053   +0.054 +2.04
  donchian       1h  30111   359  -0.053  0.91  -1.38  -0.088  -0.003 |  -0.053   +0.000 +0.00
  rsi_mom        1h  44601   359  -0.042  0.93  -1.20  -0.069  -0.002 |  -0.053   +0.011 +1.06
  bb_break       1h  33284   359  -0.041  0.93  -1.14  -0.074  +0.008 |  -0.053   +0.012 +0.78
  macd           1h  47485   359  -0.038  0.94  -1.15  -0.065  +0.002 |  -0.053   +0.015 +1.98
  roc_mom        1h  36121   359  -0.055  0.91  -1.66  -0.087  -0.008 |  -0.053   -0.002 -0.13
  rsi_rev        1h  24113   358  -0.081  0.87  -2.27  -0.135  +0.004 |  -0.053   -0.028 -1.53
  bb_rev         1h  52135   359  -0.060  0.91  -1.87  -0.080  -0.029 |  -0.053   -0.007 -0.74
  supertrend     1h  23768   359  -0.064  0.90  -1.69  -0.093  -0.024 |  -0.053   -0.011 -0.61
  keltner_brk    1h  20085   358  -0.040  0.93  -0.92  -0.079  +0.014 |  -0.053   +0.013 +0.45
  squeeze_rel    1h  23758   359  -0.041  0.93  -1.10  -0.066  -0.002 |  -0.053   +0.012 +0.70
  psar           1h  49530   359  -0.044  0.93  -1.30  -0.072  -0.001 |  -0.053   +0.010 +1.34
  aroon          1h  32711   359  -0.055  0.91  -1.67  -0.077  -0.025 |  -0.053   -0.002 -0.14
  adx_dmi        1h  14927   357  -0.097  0.84  -2.49  -0.148  -0.017 |  -0.053   -0.044 -1.86
  ichimoku       1h  35132   359  -0.031  0.95  -0.90  -0.061  +0.012 |  -0.053   +0.022 +1.55
  chandelier     1h  38213   359  -0.043  0.93  -1.16  -0.074  +0.004 |  -0.053   +0.011 +0.85

  RANDOM         4h  43294        -0.030        -0.52  -0.099  +0.078 |
  ma_cross       4h   3361   310  +0.033  1.06  +0.41  -0.032  +0.122 |  -0.030   +0.063 +1.18
  donchian       4h   7186   356  -0.016  0.97  -0.23  -0.064  +0.049 |  -0.030   +0.014 +0.39
  rsi_mom        4h  10817   358  -0.009  0.98  -0.15  -0.070  +0.081 |  -0.030   +0.021 +1.08
  bb_break       4h   7798   357  +0.011  1.02  +0.16  -0.031  +0.071 |  -0.030   +0.040 +1.19
  macd           4h  11764   359  -0.030  0.95  -0.52  -0.109  +0.092 |  -0.030   -0.000 -0.03
  roc_mom        4h   9825   358  +0.009  1.02  +0.14  -0.025  +0.057 |  -0.030   +0.039 +1.63
  rsi_rev        4h   6630   320  -0.101  0.84  -1.60  -0.181  +0.036 |  -0.030   -0.071 -2.50
  bb_rev         4h  13984   353  -0.081  0.87  -1.42  -0.145  +0.024 |  -0.030   -0.051 -2.89
  supertrend     4h   5866   350  +0.033  1.06  +0.44  -0.033  +0.120 |  -0.030   +0.063 +1.66
  keltner_brk    4h   4749   338  -0.041  0.93  -0.54  -0.102  +0.040 |  -0.030   -0.011 -0.21
  squeeze_rel    4h   6050   354  -0.062  0.89  -1.03  -0.105  +0.001 |  -0.030   -0.032 -0.97
  psar           4h  12358   359  -0.040  0.93  -0.67  -0.128  +0.095 |  -0.030   -0.010 -0.74
  aroon          4h   8073   357  -0.010  0.98  -0.16  -0.037  +0.027 |  -0.030   +0.020 +0.65
  adx_dmi        4h   3649   317  -0.079  0.86  -1.39  -0.112  -0.031 |  -0.030   -0.050 -1.58
  ichimoku       4h   8657   358  +0.007  1.01  +0.11  -0.021  +0.046 |  -0.030   +0.037 +1.29
  chandelier     4h   9586   357  -0.024  0.96  -0.37  -0.088  +0.067 |  -0.030   +0.006 +0.27

  RANDOM        12h  13532        -0.040        -0.48  -0.143  +0.136 |
  ma_cross      12h   1218   262  +0.077  1.15  +0.61  +0.038  +0.127 |  -0.040   +0.117 +1.24
  donchian      12h   2262   289  -0.035  0.94  -0.34  -0.096  +0.044 |  -0.040   +0.005 +0.07
  rsi_mom       12h   3344   305  -0.004  0.99  -0.05  -0.089  +0.127 |  -0.040   +0.036 +0.81
  bb_break      12h   2475   304  -0.018  0.97  -0.18  -0.078  +0.065 |  -0.040   +0.022 +0.32
  macd          12h   3533   294  +0.026  1.05  +0.27  -0.080  +0.195 |  -0.040   +0.066 +1.90
  roc_mom       12h   3177   300  +0.010  1.02  +0.11  -0.081  +0.150 |  -0.040   +0.050 +1.08
  rsi_rev       12h   2272   226  -0.144  0.78  -1.62  -0.241  +0.043 |  -0.040   -0.104 -2.62
  bb_rev        12h   4908   289  -0.119  0.82  -1.48  -0.218  +0.066 |  -0.040   -0.079 -2.97
  supertrend    12h   1831   272  +0.029  1.06  +0.24  +0.004  +0.061 |  -0.040   +0.069 +0.80
  keltner_brk   12h   1410   255  -0.086  0.85  -0.80  -0.169  +0.028 |  -0.040   -0.046 -0.48
  squeeze_rel   12h   1921   287  +0.000  1.00  +0.00  -0.039  +0.054 |  -0.040   +0.040 +0.54
  psar          12h   3798   300  +0.016  1.03  +0.18  -0.092  +0.193 |  -0.040   +0.056 +2.62
  aroon         12h   2577   300  -0.013  0.98  -0.13  -0.056  +0.043 |  -0.040   +0.027 +0.45
  adx_dmi       12h   1227   234  +0.074  1.14  +0.52  +0.007  +0.180 |  -0.040   +0.114 +1.18
  ichimoku      12h   2759   300  -0.001  1.00  -0.01  -0.064  +0.089 |  -0.040   +0.039 +0.68
  chandelier    12h   2954   289  -0.022  0.96  -0.24  -0.091  +0.080 |  -0.040   +0.018 +0.35

======================================================================================================================
BEAR ENTRIES  (BTC below its 1000h average)
======================================================================================================================
  family         tf      n coins   meanR    PF  t(mo)    tune    hold |  random  vs rand     t
  RANDOM         1h  72025        +0.004        +0.09  +0.029  -0.034 |
  ma_cross       1h   6105   308  +0.007  1.01  +0.13  +0.035  -0.033 |  +0.004   +0.003 +0.08
  donchian       1h  14645   325  -0.016  0.97  -0.32  +0.017  -0.066 |  +0.004   -0.020 -0.72
  rsi_mom        1h  20144   324  +0.007  1.01  +0.14  +0.037  -0.039 |  +0.004   +0.003 +0.17
  bb_break       1h  15869   323  -0.006  0.99  -0.12  +0.016  -0.039 |  +0.004   -0.010 -0.41
  macd           1h  20400   326  +0.013  1.02  +0.27  +0.048  -0.039 |  +0.004   +0.009 +0.67
  roc_mom        1h  17064   323  -0.035  0.94  -0.78  -0.003  -0.080 |  +0.004   -0.039 -1.68
  rsi_rev        1h   8229   314  -0.003  1.00  -0.05  -0.008  +0.005 |  +0.004   -0.007 -0.20
  bb_rev         1h  20130   324  +0.027  1.04  +0.62  +0.063  -0.024 |  +0.004   +0.023 +1.55
  supertrend     1h  10858   324  -0.018  0.97  -0.32  +0.047  -0.108 |  +0.004   -0.022 -0.75
  keltner_brk    1h  10741   322  -0.005  0.99  -0.09  +0.042  -0.074 |  +0.004   -0.009 -0.24
  squeeze_rel    1h  11076   321  +0.004  1.01  +0.08  +0.046  -0.060 |  +0.004   -0.000 -0.00
  psar           1h  21003   325  +0.028  1.05  +0.57  +0.060  -0.020 |  +0.004   +0.024 +1.88
  aroon          1h  15754   323  -0.053  0.92  -1.19  -0.024  -0.095 |  +0.004   -0.057 -2.87
  adx_dmi        1h   6474   313  -0.056  0.91  -0.98  -0.029  -0.099 |  +0.004   -0.060 -1.77
  ichimoku       1h  16609   323  -0.008  0.99  -0.16  +0.020  -0.049 |  +0.004   -0.012 -0.50
  chandelier     1h  17060   324  +0.010  1.02  +0.18  +0.045  -0.041 |  +0.004   +0.006 +0.27

  RANDOM         4h  15488        +0.111        +1.48  +0.162  +0.037 |
  ma_cross       4h   1465   231  +0.091  1.19  +1.12  +0.211  -0.093 |  +0.111   -0.020 -0.29
  donchian       4h   3674   297  +0.040  1.07  +0.49  +0.143  -0.112 |  +0.111   -0.072 -1.37
  rsi_mom        4h   4503   305  +0.083  1.16  +1.12  +0.150  -0.016 |  +0.111   -0.028 -0.90
  bb_break       4h   3899   301  +0.077  1.15  +0.96  +0.184  -0.085 |  +0.111   -0.035 -0.72
  macd           4h   4400   308  +0.080  1.15  +1.11  +0.104  +0.044 |  +0.111   -0.032 -0.92
  roc_mom        4h   4426   308  +0.086  1.17  +1.19  +0.181  -0.051 |  +0.111   -0.026 -0.68
  rsi_rev        4h   1565   236  +0.189  1.34  +1.83  +0.196  +0.178 |  +0.111   +0.077 +1.39
  bb_rev         4h   4239   295  +0.122  1.21  +1.37  +0.164  +0.063 |  +0.111   +0.011 +0.32
  supertrend     4h   2628   282  +0.145  1.28  +1.48  +0.272  -0.036 |  +0.111   +0.033 +0.59
  keltner_brk    4h   2902   283  -0.046  0.92  -0.54  +0.014  -0.138 |  +0.111   -0.157 -2.51
  squeeze_rel    4h   3022   298  -0.032  0.94  -0.41  +0.069  -0.180 |  +0.111   -0.144 -2.98
  psar           4h   4614   309  +0.066  1.12  +0.90  +0.097  +0.021 |  +0.111   -0.045 -1.59
  aroon          4h   3957   295  +0.032  1.06  +0.45  +0.135  -0.119 |  +0.111   -0.080 -1.86
  adx_dmi        4h   1418   243  +0.035  1.07  +0.49  +0.078  -0.031 |  +0.111   -0.076 -1.57
  ichimoku       4h   4049   305  +0.069  1.13  +0.88  +0.188  -0.108 |  +0.111   -0.043 -1.07
  chandelier     4h   3985   303  +0.072  1.13  +0.92  +0.155  -0.048 |  +0.111   -0.039 -1.10

  RANDOM        12h   3705        +0.069        +0.87  +0.072  +0.066 |
  ma_cross      12h    759   209  +0.108  1.22  +0.86  +0.156  +0.025 |  +0.069   +0.038 +0.38
  donchian      12h   1298   221  -0.048  0.91  -0.54  -0.033  -0.073 |  +0.069   -0.118 -1.57
  rsi_mom       12h   1311   215  +0.026  1.05  +0.30  +0.058  -0.025 |  +0.069   -0.044 -0.85
  bb_break      12h   1328   237  +0.025  1.05  +0.24  +0.083  -0.063 |  +0.069   -0.044 -0.53
  macd          12h   1119   208  +0.007  1.01  +0.08  +0.069  -0.089 |  +0.069   -0.063 -1.47
  roc_mom       12h   1386   216  +0.070  1.15  +0.79  +0.132  -0.022 |  +0.069   +0.001 +0.01
  rsi_rev       12h    297   109  -0.035  0.94  -0.34  -0.057  +0.001 |  +0.069   -0.104 -1.14
  bb_rev        12h    957   190  +0.164  1.30  +1.48  +0.207  +0.094 |  +0.069   +0.095 +1.41
  supertrend    12h    898   205  +0.059  1.13  +0.61  +0.104  -0.011 |  +0.069   -0.010 -0.12
  keltner_brk   12h   1102   219  -0.116  0.79  -1.20  -0.169  -0.028 |  +0.069   -0.186 -1.91
  squeeze_rel   12h    987   215  +0.009  1.02  +0.09  +0.087  -0.112 |  +0.069   -0.061 -0.82
  psar          12h   1124   204  +0.079  1.16  +0.94  +0.100  +0.045 |  +0.069   +0.009 +0.25
  aroon         12h   1255   223  +0.101  1.20  +0.85  +0.155  +0.022 |  +0.069   +0.032 +0.35
  adx_dmi       12h    443   153  +0.115  1.25  +1.24  +0.131  +0.089 |  +0.069   +0.045 +0.66
  ichimoku      12h   1351   224  +0.011  1.02  +0.13  +0.047  -0.044 |  +0.069   -0.059 -1.07
  chandelier    12h   1180   203  +0.016  1.03  +0.19  +0.054  -0.038 |  +0.069   -0.053 -0.86

======================================================================================================================
HOLM over 96 cells, one-sided 'beats random short entries' at 5%:
  nothing survives. Best five before correction:
    ALL  psar           12h  t +2.62  p 0.0043
    ALL  ma_cross        1h  t +2.04  p 0.0206
    ALL  macd            1h  t +1.98  p 0.0237
    ALL  macd           12h  t +1.90  p 0.0287
    BEAR psar            1h  t +1.88  p 0.0300
